1980
1981
1982
1983
1984
1985
1986
1987
1988
1989
1990
1991
1992
1993
1994
1995
1996
1997
1998
1999
2000
2001
2002
2003
2004
1980
1981
1982
1983
1984
1985
1986
1987
1988
1989
1990
1991
1992
1993
1994
1995
1996
1997
1998
1999
2000
2001
2002
2003
2004
1980
1981
1982
1983
1984
1985
1986
1987
1988
1989
1990
1991
1992
1993
1994
1995
1996
1997
1998
1999
2000
2001
2002
2003
2004
2041
2042
2043
2044
2045
2046
2047
2048
2049
2050
2051
2052
2053
2054
2055
2056
2057
2058
2059
2041
2042
2043
2044
2045
2046
2047
2048
2049
2050
2051
2052
2053
2054
2055
2056
2057
2058
2059
2041
2042
2043
2044
2045
2046
2047
2048
2049
2050
2051
2052
2053
2054
2055
2056
2057
2058
2059
avg
[[[15.168539325842701, 15.168539325842701, 15.168539325842701, 15.168539325842701, 15.168539325842701], [17.19101123595506, 17.19101123595506, 17.19101123595506, 17.19101123595506, 17.19101123595506]], [[90.502793296089379, 92.513966480446925, 94.52513966480447, 96.536312849162016, 98.547486033519547], [90.502793296089379, 92.513966480446925, 94.52513966480447, 96.536312849162016, 98.547486033519547]], [[2.6104248013720478e-05, 2.9180218922894778e-05, 3.4744213294627103e-05, 3.440459560664465e-05, 3.1484689051395828e-05], [2.4076104800021733e-05, 2.7987280301293408e-05, 2.8885709053094022e-05, 3.0059205425883513e-05, 2.7049887030862107e-05]]]
[[-0.03025389  0.04587364  0.10574565  0.22434425  0.1931464 ]
 [ 0.0408742   0.16420724  0.25613459  0.37132781  0.31537257]]
[[ 90.5027933   92.51396648  94.52513966  96.53631285  98.54748603]
 [ 90.5027933   92.51396648  94.52513966  96.53631285  98.54748603]]
[[ 15.16853933  15.16853933  15.16853933  15.16853933  15.16853933]
 [ 17.19101124  17.19101124  17.19101124  17.19101124  17.19101124]]
